12772
22070
30703
5165
29410
21855
10055
9704
27564
14680
1951
31323
16160
14544
22259
29027
16445
17184
20048
2729
12179
6118
27367
23147
27896
495
19808
15232
29053
14683
9072
25238
9633
12539
20398
14015
26564
21246
17314
4908
22238
28877
16415
22071
13680
27187
28627
24999
30907
20417
4125
28720
22577
1137
7198
25658
28969
8841
11795
29668
21206
10178
2786
22087
1658
11434
3058
22015
26583
11079
23360
27880
25062
6397
13744
19749
25548
22449
10145
31591
8714
16943
30659
24171
30708
22473
13357
26565
32100
19265
5546
14813
9391
30954
11604
28471
29912
2057
4197
26359
13316
15233
30281
15012
5678
13744
31992
16684
17436
13204
1922
17192
20114
818
27371
17506
25029
14648
23866
1684
19730
27105
23245
10611
13040
26905
30191
3052
29988
21986
17581
21166
12596
29942
24805
14312
24861
7853
11935
2132
29768
17442
23712
29044
29883
20369
21309
1308
3213
25604
1390
5680
32668
16431
22563
21167
28034
18584
5083
16112
28612
31995
5234
30252
26701
23788
11066
21565
5147
32702
26446
27813
13881
25508
14371
29394
28397
14358
7776
30625
4914
10102
24304
8224
6248
25588
27733
14744
26699
31663
31295
20171
12578
14364
28509
8826
1592
3244
10611
13098
25744
22697
18349
11304
28629
97
28467
26571
31632
8583
15869
26361
13470
26326
24553
25068
32480
16119
31242
22070
23348
31397
24643
13827
27044
5647
18709
7327
23518
12670
29622
11320
27620
32055
29795
30948
11013
7331
6902
9446
15628
17581
10171
4653
21431
6508
17024
19741
32363
3842
26603
5266
8741
20932
16657
8994
11700
31131
6467
7587
24102
3241
26155
19181
10112
5424
5657
30945
5554
20144
6295
12971
14793
11856
21827
11331
30567
19071
1246
1850
18032
26075
8352
21683
15623
8530
23502
30896
30137
6535
23439
21135
9719
29559
8444
20180
30922
7260
22902
17960
450
16594
2364
19874
23600
16184
17468
23622
19092
6489
26922
27083
27225
10571
4816
27298
20416
7576
13221
19763
7707
156
4000
23658
28731
20270
2126
11122
9515
25219
28451
28352
25887
12622
21006
26196
29351
11308
30287
15675
7208
14656
30093
601
24973
4890
12579
7781
8762
3806
4028
27445
26433
3490
14623
20540
7641
7447
17484
2129
22028
2924
3015
29873
22959
29295
7220
8520
12183
32246
28964
24108
24330
29053
29743
4715
1908
12560
29251
11270
8283
20844
31547
20797
30101
29537
24499
14093
13241
28282
16667
16632
6355
3808
26635
19972
7516
27260
21718
22278
10601
4444
15970
16928
10786
7512
29495
3977
7030
25845
20693
17292
23053
21897
17739
12756
20862
14496
3845
3558
23235
26783
12006
25839
24298
14503
16535
25792
4620
5052
11550
5143
23171
5927
27570
24608
14424
11288
17613
9019
16635
25744
19332
2304
823
8062
276
29568
26468
14377
22205
17870
24543
17613
467
14271
32183
10377
22034
5869
15785
31864
6706
6402
8527
5151
2747
9011
26772
8455
32539
11018
32619
14762
25845
5225
29633
18324
1469
12492
1967
8386
19074
17358
13301
20558
29194
12527
11940
21070
27940
13972
18970
18169
21818
23119
16435
24843
12582
27233
15806
4971
31814
14461
16942
16907
9171
29135
10130
31248
28270
14397
26312
30004
508
24813
27629
27752
31668
31751
3863
32189
20086
2492
1351
10628
23391
135
23961
10932
30874
2226
24254
11917
23161
4381
22700
12155
4804
8507
16020
30525
6737
3165
7445
3142
6356
27187
16559
3684
24313
30863
8314
18079
18096
19053
24856
28260
28104
26673
1000
29155
32448
17711
5756
12725
31706
11888
30286
1986
16496
5811
31918
4962
11403
25523
9983
4290
11954
8360
3875
16266
8192
14864
18484
7356
9850
9903
29557
29663
4511
8661
8584
2910
25920
23263
21473
28715
1681
15872
12922
9383
16257
14914
18888
14022
3143
10439
25839
366
26429
14677
22578
7457
1778
2066
20397
17372
17018
16523
30278
11327
4105
29179
2273
8173
20929
30923
10707
20790
25799
8533
2201
13300
9884
26605
12747
23986
25771
31266
6987
12564
27166
23873
16578
22643
8182
24091
25677
21447
29531
11784
18291
7626
30256
20780
28763
11354
28139
16889
20283
20511
17572
28149
22548
14191
4203
28606
25757
6254
9439
10827
29308
18042
25341
10612
4540
14022
15157
27573
6012
14404
5571
31023
26852
25289
5436
27631
29278
364
26471
19827
7938
31791
6223
28010
25681
1249
7062
5564
13863
2882
12
16330
30443
15465
384
12023
14345
4451
27863
5223
24226
12573
2651
8199
130
10627
597
8909
3410
17386
28637
9793
6158
30891
5617
7484
21690
17937
27333
4591
7761
28278
27994
29992
6399
25000
31058
29393
17551
21906
3331
28601
4903
21016
13770
5272
22579
13378
5793
2637
9119
27805
15604
19305
23881
31966
14257
12017
13494
30921
9375
4192
14596
3665
10224
14572
11551
22785
537
28170
27704
1178
14305
18740
29299
766
184
15594
24032
22860
28491
27383
31661
18509
2133
12277
13722
21519
15288
2067
29612
28367
29644
12566
17958
19228
12023
11678
27573
6458
22398
3499
2027
13253
19866
8287
7662
32662
22479
29446
9074
747
28025
16723
16356
30657
4008
15084
3048
23941
9261
16938
25862
19948
1781
2073
10656
6432
17814
10695
28968
27932
14632
12987
5264
3161
29270
10435
6913
22442
11188
1267
24271
12132
13908
15850
32429
28611
5268
18263
28445
3209
14137
10940
16427
4072
4290
7538
27483
162
29430
14318
15840
29551
27328
12866
13070
19359
3644
18918
21266
28416
28946
13497
27105
28930
13059
17731
10862
31001
23745
9277
4640
26723
32516
17235
8323
651
18394
27944
14142
7661
574
5787
13893
7931
13293
21833
10319
17119
19829
8018
5003
32098
8335
14433
17038
28172
4270
28646
6544
12428
12760
5286
19417
3163
18869
16758
1398
18333
26342
26435
23856
8520
663
14422
8895
13959
24664
22742
23866
22369
8232
30863
3538
3734
14035
14833
2752
24777
16511
2652
1660
1764
24961
20379
5936
10169
10613
3758
21100
21733
11405
28620
20763
20218
18217
17320
12214
21725
16296
28148
24247
620
14974
22819
22353
612
13447
22388
2142
6018
30620
5420
3993
16617
15715
34
4877
32196
29803
18561
20173
29740
23416
24266
10982
32588
26395
4888
28050
26819
9606
14760
23982
20809
5279
30872
